0 0 20.421764373779297
0 1 20.457176208496094
0 2 19.811397552490234
0 3 20.638614654541016
0 4 21.14436149597168
0 5 20.068248748779297
0 6 22.328001022338867
0 7 23.74379539489746
0 8 19.13494873046875
0 9 21.13459014892578
0 10 21.117658615112305
0 11 20.087858200073242
0 12 19.44959831237793
0 13 21.811565399169922
0 14 20.5673828125
0 15 23.554431915283203
0 16 20.655311584472656
0 17 22.161535263061523
0 18 20.20713233947754
0 19 19.565305709838867
0 20 19.96830940246582
0 21 19.943103790283203
0 22 19.930923461914062
0 23 16.165285110473633
1 0 21.180709838867188
1 1 19.353221893310547
1 2 20.54660415649414
1 3 21.847938537597656
1 4 19.983657836914062
1 5 19.927093505859375
1 6 21.204784393310547
1 7 19.28899383544922
1 8 19.901470184326172
1 9 19.891571044921875
1 10 22.001466751098633
1 11 21.85597038269043
1 12 19.94783592224121
1 13 23.110597610473633
1 14 22.231220245361328
1 15 18.633663177490234
1 16 19.95065689086914
1 17 21.85759925842285
1 18 21.179370880126953
1 19 23.500595092773438
1 20 18.266868591308594
1 21 19.922340393066406
1 22 19.91443634033203
1 23 14.825387954711914
2 0 21.213380813598633
2 1 19.8914852142334
2 2 19.91546630859375
2 3 18.538856506347656
2 4 21.349956512451172
2 5 18.447669982910156
2 6 19.074182510375977
2 7 21.421955108642578
2 8 21.346370697021484
2 9 22.680482864379883
2 10 22.442306518554688
2 11 18.31103515625
2 12 19.899938583374023
2 13 18.515308380126953
2 14 22.078624725341797
2 15 19.878080368041992
2 16 19.168323516845703
2 17 22.05099105834961
2 18 21.945350646972656
2 19 24.27686309814453
2 20 20.14107322692871
2 21 20.593746185302734
2 22 20.56205940246582
2 23 15.980851173400879
3 0 20.08877182006836
3 1 18.25567626953125
3 2 21.921871185302734
3 3 19.302745819091797
3 4 22.57440185546875
3 5 21.765933990478516
3 6 20.583200454711914
3 7 18.861915588378906
3 8 21.8541259765625
3 9 21.741947174072266
3 10 22.269489288330078
3 11 23.708114624023438
3 12 19.13679313659668
3 13 19.015342712402344
3 14 19.951637268066406
3 15 19.255992889404297
3 16 21.952831268310547
3 17 18.610536575317383
3 18 20.540246963500977
3 19 20.565195083618164
3 20 21.219205856323242
3 21 21.88472557067871
3 22 19.348247528076172
3 23 16.14200782775879
4 0 19.929710388183594
4 1 23.127182006835938
4 2 19.46311378479004
4 3 20.54465103149414
4 4 18.085018157958984
4 5 22.668243408203125
4 6 19.915203094482422
4 7 21.225454330444336
4 8 20.5795955657959
4 9 20.526832580566406
4 10 21.16936492919922
4 11 21.78614044189453
4 12 18.874595642089844
4 13 19.897724151611328
4 14 20.54731559753418
4 15 20.586576461791992
4 16 21.21996307373047
4 17 17.340898513793945
4 18 21.303442001342773
4 19 23.407716751098633
4 20 22.39754295349121
4 21 18.91579246520996
4 22 23.039287567138672
4 23 13.752191543579102
5 0 22.33620834350586
5 1 18.422412872314453
5 2 21.84093475341797
5 3 17.517927169799805
5 4 21.27898597717285
5 5 22.587326049804688
5 6 17.471742630004883
5 7 21.333738327026367
5 8 21.245704650878906
5 9 21.23822593688965
5 10 20.528549194335938
5 11 19.930477142333984
5 12 25.16022491455078
5 13 20.121170043945312
5 14 24.96697425842285
5 15 21.949787139892578
5 16 19.385761260986328
5 17 21.125364303588867
5 18 18.640674591064453
5 19 22.355058670043945
5 20 22.224117279052734
5 21 19.595352172851562
5 22 17.705135345458984
5 23 12.062524795532227
6 0 18.24346923828125
6 1 22.320144653320312
6 2 17.54784393310547
6 3 19.853382110595703
6 4 23.053945541381836
6 5 21.29071044921875
6 6 20.52587890625
6 7 19.891841888427734
6 8 20.524085998535156
6 9 19.842296600341797
6 10 20.53171730041504
6 11 20.567169189453125
6 12 18.49905776977539
6 13 22.069494247436523
6 14 21.209938049316406
6 15 20.537153244018555
6 16 23.781089782714844
6 17 20.037612915039062
6 18 21.159175872802734
6 19 21.103740692138672
6 20 21.70073699951172
6 21 20.037813186645508
6 22 20.019451141357422
6 23 14.813948631286621
7 0 18.70990753173828
7 1 20.516542434692383
7 2 24.628284454345703
7 3 19.48542022705078
7 4 21.73111915588379
7 5 21.692703247070312
7 6 21.13599967956543
7 7 22.13443374633789
7 8 20.623165130615234
7 9 19.07567596435547
7 10 18.741329193115234
7 11 23.195016860961914
7 12 21.104297637939453
7 13 21.093217849731445
7 14 19.975814819335938
7 15 19.319110870361328
7 16 23.139610290527344
7 17 21.699871063232422
7 18 18.4953670501709
7 19 18.64451026916504
7 20 19.145360946655273
7 21 23.509750366210938
7 22 20.523603439331055
7 23 11.643619537353516
8 0 22.03989028930664
8 1 20.548831939697266
8 2 20.515926361083984
8 3 21.219314575195312
8 4 22.50499153137207
8 5 21.10413360595703
8 6 18.267841339111328
8 7 19.82636260986328
8 8 20.53217887878418
8 9 20.487749099731445
8 10 21.86245346069336
8 11 19.263572692871094
8 12 23.244869232177734
8 13 21.67160987854004
8 14 21.080810546875
8 15 18.9547061920166
8 16 20.50482177734375
8 17 24.2810115814209
8 18 20.605398178100586
8 19 20.097570419311523
8 20 17.756576538085938
8 21 19.80698013305664
8 22 19.846776962280273
8 23 13.409457206726074
9 0 19.789539337158203
9 1 20.5598087310791
9 2 23.525634765625
9 3 20.483680725097656
9 4 21.761720657348633
9 5 19.95740509033203
9 6 21.11286735534668
9 7 20.555816650390625
9 8 20.497833251953125
9 9 24.810060501098633
9 10 21.0496883392334
9 11 18.705137252807617
9 12 19.38248062133789
9 13 19.866687774658203
9 14 21.910444259643555
9 15 19.323820114135742
9 16 21.82085609436035
9 17 19.872432708740234
9 18 20.49831771850586
9 19 19.89049530029297
9 20 21.8355712890625
9 21 20.564937591552734
9 22 19.23479461669922
9 23 12.151871681213379
10 0 20.546329498291016
10 1 21.30208969116211
10 2 18.42530059814453
10 3 22.104494094848633
10 4 21.225154876708984
10 5 17.86985969543457
10 6 19.772294998168945
10 7 19.817827224731445
10 8 19.091339111328125
10 9 19.72649383544922
10 10 18.1944637298584
10 11 19.739261627197266
10 12 18.975648880004883
10 13 20.669832229614258
10 14 18.97337532043457
10 15 20.64735984802246
10 16 21.355594635009766
10 17 25.769630432128906
10 18 19.3529052734375
10 19 21.75069808959961
10 20 22.324556350708008
10 21 22.169784545898438
10 22 23.954126358032227
10 23 13.925357818603516
11 0 22.886024475097656
11 1 20.769346237182617
11 2 22.338726043701172
11 3 20.767837524414062
11 4 20.75621795654297
11 5 18.83538055419922
11 6 18.186397552490234
11 7 21.849525451660156
11 8 20.46634292602539
11 9 19.88821029663086
11 10 21.133243560791016
11 11 19.225662231445312
11 12 18.478490829467773
11 13 18.280122756958008
11 14 19.8203125
11 15 20.577714920043945
11 16 23.535764694213867
11 17 19.20519256591797
11 18 21.888423919677734
11 19 19.867855072021484
11 20 21.819080352783203
11 21 22.955101013183594
11 22 21.675464630126953
11 23 13.31633472442627
12 0 20.50200843811035
12 1 18.717308044433594
12 2 21.162582397460938
12 3 21.09295654296875
12 4 20.45084571838379
12 5 20.510772705078125
12 6 19.881244659423828
12 7 21.769760131835938
12 8 19.329124450683594
12 9 21.79266929626465
12 10 19.829389572143555
12 11 21.736452102661133
12 12 17.526687622070312
12 13 18.396358489990234
12 14 20.513296127319336
12 15 21.393083572387695
12 16 21.95061492919922
12 17 19.790719985961914
12 18 22.55121421813965
12 19 22.30779266357422
12 20 20.432472229003906
12 21 21.08041763305664
12 22 19.907676696777344
12 23 15.362335205078125
13 0 17.123455047607422
13 1 21.23422622680664
13 2 20.417720794677734
13 3 23.237375259399414
13 4 19.404428482055664
13 5 23.619569778442383
13 6 21.04963493347168
13 7 19.434600830078125
13 8 19.330921173095703
13 9 19.170257568359375
13 10 16.9849910736084
13 11 18.933807373046875
13 12 23.02782440185547
13 13 19.746362686157227
13 14 19.760053634643555
13 15 21.310497283935547
13 16 22.536590576171875
13 17 21.09389877319336
13 18 18.065160751342773
13 19 24.734317779541016
13 20 22.728416442871094
13 21 21.445659637451172
13 22 18.74158477783203
13 23 15.974535942077637
14 0 18.295324325561523
14 1 18.54737663269043
14 2 21.19000816345215
14 3 16.36380386352539
14 4 24.640506744384766
14 5 22.473546981811523
14 6 21.657737731933594
14 7 19.34903335571289
14 8 22.901004791259766
14 9 20.41132926940918
14 10 19.978227615356445
14 11 21.612144470214844
14 12 17.70586585998535
14 13 20.413877487182617
14 14 20.521957397460938
14 15 21.181800842285156
14 16 21.807443618774414
14 17 21.105602264404297
14 18 23.33405876159668
14 19 20.96904945373535
14 20 18.569801330566406
14 21 19.208894729614258
14 22 21.849796295166016
14 23 14.796875
15 0 19.307937622070312
15 1 19.16915512084961
15 2 20.432998657226562
15 3 19.762483596801758
15 4 19.042009353637695
15 5 21.954330444335938
15 6 21.866077423095703
15 7 16.699539184570312
15 8 21.196998596191406
15 9 19.706172943115234
15 10 22.05021095275879
15 11 20.398744583129883
15 12 17.049306869506836
15 13 21.973501205444336
15 14 22.583301544189453
15 15 17.329002380371094
15 16 21.220844268798828
15 17 21.84244728088379
15 18 21.749202728271484
15 19 22.27047348022461
15 20 23.65794563293457
15 21 20.196386337280273
15 22 19.61005973815918
15 23 16.376758575439453
16 0 20.947711944580078
16 1 20.94219970703125
16 2 18.520103454589844
16 3 22.256511688232422
16 4 16.592479705810547
16 5 19.648038864135742
16 6 21.893783569335938
16 7 18.45024299621582
16 8 21.899097442626953
16 9 21.16642951965332
16 10 24.79473304748535
16 11 19.09524154663086
16 12 22.86137580871582
16 13 21.032474517822266
16 14 20.92829704284668
16 15 22.57366180419922
16 16 19.596410751342773
16 17 20.987945556640625
16 18 20.06113052368164
16 19 20.569232940673828
16 20 18.094907760620117
16 21 18.345582962036133
16 22 21.22994613647461
16 23 15.455286979675293
17 0 21.10063934326172
17 1 17.894359588623047
17 2 21.832170486450195
17 3 17.700775146484375
17 4 19.077985763549805
17 5 16.426471710205078
17 6 23.21508026123047
17 7 20.398590087890625
17 8 22.7178897857666
17 9 20.55601692199707
17 10 21.029237747192383
17 11 19.09657859802246
17 12 19.80078887939453
17 13 21.702892303466797
17 14 21.740266799926758
17 15 19.88006019592285
17 16 19.0389404296875
17 17 23.750017166137695
17 18 22.166397094726562
17 19 23.03749656677246
17 20 20.231002807617188
17 21 21.336626052856445
17 22 19.579557418823242
17 23 13.024911880493164
18 0 20.39329719543457
18 1 19.271501541137695
18 2 21.04297637939453
18 3 20.374916076660156
18 4 20.339679718017578
18 5 23.000192642211914
18 6 20.915929794311523
18 7 19.22980308532715
18 8 19.179100036621094
18 9 21.816734313964844
18 10 19.750957489013672
18 11 21.615493774414062
18 12 20.92919158935547
18 13 20.357465744018555
18 14 22.216333389282227
18 15 18.71156883239746
18 16 19.196603775024414
18 17 17.725351333618164
18 18 18.865365982055664
18 19 20.489582061767578
18 20 22.722898483276367
18 21 21.016883850097656
18 22 21.58020782470703
18 23 14.66889762878418
19 0 21.518943786621094
19 1 21.961711883544922
19 2 20.369237899780273
19 3 21.48340606689453
19 4 20.511777877807617
19 5 20.369140625
19 6 20.381860733032227
19 7 19.857505798339844
19 8 22.74503517150879
19 9 19.91962432861328
19 10 20.39856719970703
19 11 19.92488670349121
19 12 20.919330596923828
19 13 17.269453048706055
19 14 21.73892593383789
19 15 19.57778549194336
19 16 19.021007537841797
19 17 17.6937255859375
19 18 21.383358001708984
19 19 24.067005157470703
19 20 19.048250198364258
19 21 20.140323638916016
19 22 19.001596450805664
19 23 15.477017402648926
20 0 20.856752395629883
20 1 19.639707565307617
20 2 20.843175888061523
20 3 18.50368309020996
20 4 20.266857147216797
20 5 19.790416717529297
20 6 19.077606201171875
20 7 18.078720092773438
20 8 18.818565368652344
20 9 21.276660919189453
20 10 19.6997127532959
20 11 23.46562385559082
20 12 20.945951461791992
20 13 20.368755340576172
20 14 21.583637237548828
20 15 19.5469970703125
20 16 21.654783248901367
20 17 19.607078552246094
20 18 20.313880920410156
20 19 24.148786544799805
20 20 20.81022834777832
20 21 19.82597541809082
20 22 19.248035430908203
20 23 15.193717956542969
21 0 18.364028930664062
21 1 19.631633758544922
21 2 23.79660415649414
21 3 21.958541870117188
21 4 20.42430877685547
21 5 24.33759307861328
21 6 19.375362396240234
21 7 17.67574691772461
21 8 21.640609741210938
21 9 19.740093231201172
21 10 18.542736053466797
21 11 18.301513671875
21 12 21.24948501586914
21 13 20.336883544921875
21 14 23.010456085205078
21 15 20.503267288208008
21 16 18.325214385986328
21 17 20.95902442932129
21 18 20.78310775756836
21 19 19.84177589416504
21 20 20.132511138916016
21 21 20.349699020385742
21 22 22.141456604003906
21 23 12.791574478149414
22 0 20.853809356689453
22 1 20.184545516967773
22 2 18.92311668395996
22 3 18.89483642578125
22 4 17.603315353393555
22 5 18.713911056518555
22 6 16.982643127441406
22 7 19.545656204223633
22 8 22.144834518432617
22 9 21.10334014892578
22 10 22.60198402404785
22 11 20.116058349609375
22 12 20.27838134765625
22 13 21.678279876708984
22 14 19.10878562927246
22 15 18.20450210571289
22 16 20.108722686767578
22 17 21.47010612487793
22 18 22.72740364074707
22 19 23.457805633544922
22 20 21.498703002929688
22 21 19.355859756469727
22 22 20.384897232055664
22 23 15.259354591369629
23 0 21.094375610351562
23 1 20.345712661743164
23 2 20.022611618041992
23 3 22.411357879638672
23 4 22.152347564697266
23 5 19.68480682373047
23 6 19.21050453186035
23 7 20.41931915283203
23 8 20.199037551879883
23 9 21.338409423828125
23 10 19.069591522216797
23 11 20.800392150878906
23 12 16.527725219726562
23 13 17.252925872802734
23 14 22.852476119995117
23 15 20.210790634155273
23 16 21.737558364868164
23 17 19.51136589050293
23 18 24.35800552368164
23 19 19.37822151184082
23 20 19.11288070678711
23 21 16.898910522460938
23 22 21.6904296875
23 23 15.17478084564209
24 0 20.060640335083008
24 1 17.640214920043945
24 2 18.604080200195312
24 3 19.174699783325195
24 4 21.72823143005371
24 5 21.6602725982666
24 6 18.81638526916504
24 7 22.949695587158203
24 8 19.111249923706055
24 9 19.088041305541992
24 10 18.67314910888672
24 11 20.542709350585938
24 12 22.111623764038086
24 13 21.404787063598633
24 14 20.3614501953125
24 15 20.678800582885742
24 16 24.004337310791016
24 17 18.852216720581055
24 18 20.683704376220703
24 19 19.04197120666504
24 20 18.301733016967773
24 21 20.64305877685547
24 22 20.703895568847656
24 23 14.60914421081543
25 0 19.483936309814453
25 1 22.8188419342041
25 2 21.465776443481445
25 3 20.190505981445312
25 4 18.775901794433594
25 5 21.071557998657227
25 6 17.698261260986328
25 7 18.492212295532227
25 8 18.399747848510742
25 9 21.51873779296875
25 10 19.364240646362305
25 11 26.194347381591797
25 12 19.61477279663086
25 13 22.052291870117188
25 14 20.6973876953125
25 15 18.696685791015625
25 16 21.69805335998535
25 17 19.194110870361328
25 18 18.345762252807617
25 19 20.67941665649414
25 20 21.122556686401367
25 21 17.056385040283203
25 22 21.107816696166992
25 23 12.453715324401855
26 0 19.261165618896484
26 1 17.85616683959961
26 2 24.283491134643555
26 3 19.724586486816406
26 4 19.29584503173828
26 5 20.789031982421875
26 6 16.97536849975586
26 7 24.364978790283203
26 8 20.790693283081055
26 9 22.124771118164062
26 10 18.16546630859375
26 11 19.401582717895508
26 12 20.64649200439453
26 13 19.808393478393555
26 14 20.01009178161621
26 15 19.40803337097168
26 16 21.750532150268555
26 17 20.954256057739258
26 18 20.376300811767578
26 19 19.34019660949707
26 20 18.267074584960938
26 21 19.049062728881836
26 22 19.529130935668945
26 23 13.659236907958984
27 0 20.037809371948242
27 1 17.318737030029297
27 2 20.864519119262695
27 3 20.83193588256836
27 4 19.328861236572266
27 5 21.170394897460938
27 6 21.45926856994629
27 7 18.011693954467773
27 8 20.489078521728516
27 9 18.508466720581055
27 10 19.151472091674805
27 11 19.8867244720459
27 12 21.95946502685547
27 13 18.62302017211914
27 14 20.94017219543457
27 15 18.295005798339844
27 16 16.961692810058594
27 17 19.245193481445312
27 18 18.619800567626953
27 19 24.430551528930664
27 20 18.282203674316406
27 21 22.42366600036621
27 22 20.161327362060547
27 23 15.949346542358398
28 0 17.378870010375977
28 1 22.182172775268555
28 2 19.25802993774414
28 3 20.032133102416992
28 4 23.03535270690918
28 5 19.09418487548828
28 6 19.069202423095703
28 7 19.58246421813965
28 8 19.03643226623535
28 9 20.340496063232422
28 10 18.25238800048828
28 11 20.278404235839844
28 12 20.531585693359375
28 13 20.75473403930664
28 14 21.361286163330078
28 15 18.163097381591797
28 16 16.71251678466797
28 17 19.002071380615234
28 18 21.26506233215332
28 19 17.339582443237305
28 20 20.004419326782227
28 21 18.916963577270508
28 22 23.534446716308594
28 23 15.145109176635742
29 0 21.970312118530273
29 1 19.69356346130371
29 2 18.669679641723633
29 3 17.839588165283203
29 4 20.997406005859375
29 5 21.703325271606445
29 6 21.11636734008789
29 7 18.88184356689453
29 8 18.9824161529541
29 9 19.865049362182617
29 10 19.18185043334961
29 11 20.47152328491211
29 12 20.303693771362305
29 13 18.168949127197266
29 14 19.572650909423828
29 15 20.23806381225586
29 16 20.296581268310547
29 17 19.26259994506836
29 18 17.09994125366211
29 19 20.893287658691406
29 20 17.41350746154785
29 21 20.273784637451172
29 22 20.24789047241211
29 23 12.688624382019043
30 0 19.32740592956543
30 1 18.815818786621094
30 2 18.1419620513916
30 3 17.028364181518555
30 4 20.173749923706055
30 5 20.533266067504883
30 6 18.376304626464844
30 7 17.13495635986328
30 8 22.971464157104492
30 9 19.988109588623047
30 10 18.26460838317871
30 11 16.524267196655273
30 12 24.102685928344727
30 13 21.62673568725586
30 14 20.540815353393555
30 15 20.264509201049805
30 16 17.379392623901367
30 17 21.29825210571289
30 18 17.540050506591797
30 19 21.40009307861328
30 20 20.82177734375
30 21 18.094669342041016
30 22 20.44961166381836
30 23 11.41010570526123
31 0 21.968292236328125
31 1 17.615283966064453
31 2 19.649755477905273
31 3 19.01230812072754
31 4 18.76450538635254
31 5 19.30394744873047
31 6 20.30196762084961
31 7 18.65277671813965
31 8 18.97859764099121
31 9 16.973316192626953
31 10 24.388517379760742
31 11 20.53965950012207
31 12 19.823116302490234
31 13 19.945411682128906
31 14 17.89626693725586
31 15 19.136863708496094
31 16 18.546323776245117
31 17 17.618061065673828
31 18 16.182180404663086
31 19 17.893274307250977
31 20 22.164573669433594
31 21 21.630165100097656
31 22 17.998249053955078
31 23 11.510588645935059
32 0 21.132022857666016
32 1 19.846233367919922
32 2 19.63634490966797
32 3 21.772056579589844
32 4 18.953336715698242
32 5 21.159286499023438
32 6 19.748153686523438
32 7 19.641324996948242
32 8 19.659330368041992
32 9 18.625322341918945
32 10 15.47525691986084
32 11 20.361591339111328
32 12 17.792444229125977
32 13 21.868757247924805
32 14 17.89164161682129
32 15 17.103424072265625
32 16 18.826343536376953
32 17 16.06448745727539
32 18 17.23386001586914
32 19 17.891666412353516
32 20 18.23031234741211
32 21 17.85894203186035
32 22 18.221010208129883
32 23 14.318878173828125
33 0 20.477699279785156
33 1 18.42706298828125
33 2 17.91899299621582
33 3 19.66895294189453
33 4 17.891212463378906
33 5 19.369165420532227
33 6 17.95148277282715
33 7 19.10036849975586
33 8 19.483287811279297
33 9 18.57114601135254
33 10 17.53777313232422
33 11 19.863445281982422
33 12 19.993667602539062
33 13 17.301027297973633
33 14 19.259490966796875
33 15 18.012632369995117
33 16 20.082149505615234
33 17 16.209932327270508
33 18 17.47562026977539
33 19 17.89006996154785
33 20 19.159963607788086
33 21 17.799667358398438
33 22 20.429790496826172
33 23 12.201520919799805
34 0 17.265642166137695
34 1 21.241626739501953
34 2 17.446950912475586
34 3 17.822952270507812
34 4 18.220823287963867
34 5 19.159067153930664
34 6 18.66837501525879
34 7 17.671483993530273
34 8 18.896198272705078
34 9 17.84769630432129
34 10 16.1740665435791
34 11 20.636123657226562
34 12 19.40613555908203
34 13 18.921070098876953
34 14 20.6871280670166
34 15 16.59584617614746
34 16 16.850900650024414
34 17 19.494369506835938
34 18 17.934371948242188
34 19 21.867597579956055
34 20 17.408287048339844
34 21 17.92872428894043
34 22 16.770824432373047
34 23 12.00352954864502
35 0 17.504383087158203
35 1 21.896522521972656
35 2 17.290956497192383
35 3 18.200695037841797
35 4 19.973621368408203
35 5 15.226011276245117
35 6 15.976318359375
35 7 18.688772201538086
35 8 17.901304244995117
35 9 19.195842742919922
35 10 18.19228744506836
35 11 17.655242919921875
35 12 17.339717864990234
35 13 16.04707908630371
35 14 18.3690242767334
35 15 17.553237915039062
35 16 19.119728088378906
35 17 18.65591812133789
35 18 17.26189422607422
35 19 16.71918487548828
35 20 18.081443786621094
35 21 17.231964111328125
35 22 19.6486759185791
35 23 13.482027053833008
36 0 15.895612716674805
36 1 18.36915397644043
36 2 16.336421966552734
36 3 18.10470199584961
36 4 15.07544994354248
36 5 18.22019386291504
36 6 18.07617950439453
36 7 16.177074432373047
36 8 19.642465591430664
36 9 14.850366592407227
36 10 14.594270706176758
36 11 17.094154357910156
36 12 16.60013771057129
36 13 17.31227684020996
36 14 18.29793930053711
36 15 19.182884216308594
36 16 17.52069854736328
36 17 20.50194549560547
36 18 16.0519962310791
36 19 17.84958839416504
36 20 21.158355712890625
36 21 18.6621150970459
36 22 17.349611282348633
36 23 13.17276382446289
37 0 16.423004150390625
37 1 16.636064529418945
37 2 21.031940460205078
37 3 16.519615173339844
37 4 16.51573371887207
37 5 20.138065338134766
37 6 17.905139923095703
37 7 17.349382400512695
37 8 14.863420486450195
37 9 15.247237205505371
37 10 19.025609970092773
37 11 20.00891876220703
37 12 14.243400573730469
37 13 16.89472198486328
37 14 18.45555877685547
37 15 18.258914947509766
37 16 18.195680618286133
37 17 19.5380916595459
37 18 15.440187454223633
37 19 16.753616333007812
37 20 18.512100219726562
37 21 15.35728645324707
37 22 17.458202362060547
37 23 12.36611557006836
38 0 13.99892520904541
38 1 22.40876579284668
38 2 17.15604019165039
38 3 14.490754127502441
38 4 16.169157028198242
38 5 15.244930267333984
38 6 16.429338455200195
38 7 18.141090393066406
38 8 15.439798355102539
38 9 16.842294692993164
38 10 15.374959945678711
38 11 19.983142852783203
38 12 14.932865142822266
38 13 16.087051391601562
38 14 17.68552589416504
38 15 18.975223541259766
38 16 20.1741943359375
38 17 17.780492782592773
38 18 17.536327362060547
38 19 16.70067596435547
38 20 14.951654434204102
38 21 17.262794494628906
38 22 16.5671443939209
38 23 12.027608871459961
39 0 16.13941192626953
39 1 18.077964782714844
39 2 19.317058563232422
39 3 16.85103988647461
39 4 15.711370468139648
39 5 16.54962730407715
39 6 14.725531578063965
39 7 13.589425086975098
39 8 17.222280502319336
39 9 15.515083312988281
39 10 19.57207489013672
39 11 20.45014190673828
39 12 17.85630226135254
39 13 17.935354232788086
39 14 16.206438064575195
39 15 16.26518440246582
39 16 19.25684928894043
39 17 16.229351043701172
39 18 14.856544494628906
39 19 15.612760543823242
39 20 11.97396469116211
39 21 16.797822952270508
39 22 15.396035194396973
39 23 12.15068531036377
40 0 15.185120582580566
40 1 18.319499969482422
40 2 16.02297592163086
40 3 16.837383270263672
40 4 16.01036834716797
40 5 12.400111198425293
40 6 18.016036987304688
40 7 14.264918327331543
40 8 18.091829299926758
40 9 14.83800220489502
40 10 18.43619728088379
40 11 18.8608341217041
40 12 21.586353302001953
40 13 15.651008605957031
40 14 17.821224212646484
40 15 13.825149536132812
40 16 14.004714965820312
40 17 16.56678581237793
40 18 17.649072647094727
40 19 15.926704406738281
40 20 17.501480102539062
40 21 16.146587371826172
40 22 12.67788028717041
40 23 12.62183666229248
41 0 20.451860427856445
41 1 13.75694465637207
41 2 14.689019203186035
41 3 17.942134857177734
41 4 15.100157737731934
41 5 11.462320327758789
41 6 12.072136878967285
41 7 14.217301368713379
41 8 15.587392807006836
41 9 20.867626190185547
41 10 17.773685455322266
41 11 18.747093200683594
41 12 16.105266571044922
41 13 16.339853286743164
41 14 16.162778854370117
41 15 16.00023078918457
41 16 19.836467742919922
41 17 14.858160018920898
41 18 16.78595542907715
41 19 13.277627944946289
41 20 16.270740509033203
41 21 14.829333305358887
41 22 17.721065521240234
41 23 12.376348495483398
42 0 13.70157241821289
42 1 15.746081352233887
42 2 13.759986877441406
42 3 13.976608276367188
42 4 18.435029983520508
42 5 16.354934692382812
42 6 15.527066230773926
42 7 13.777467727661133
42 8 13.553460121154785
42 9 18.899864196777344
42 10 20.045852661132812
42 11 12.04613208770752
42 12 16.917417526245117
42 13 19.419010162353516
42 14 16.59415626525879
42 15 20.423904418945312
42 16 16.832578659057617
42 17 17.720802307128906
42 18 15.837976455688477
42 19 12.951128959655762
42 20 16.98784637451172
42 21 10.99366569519043
42 22 16.273853302001953
42 23 12.111054420471191
43 0 20.89836883544922
43 1 13.802937507629395
43 2 14.20289421081543
43 3 18.926633834838867
43 4 14.905561447143555
43 5 11.684121131896973
43 6 17.45122528076172
43 7 16.87538719177246
43 8 14.880640983581543
43 9 14.819758415222168
43 10 15.148455619812012
43 11 20.27581214904785
43 12 10.153039932250977
43 13 17.134273529052734
43 14 17.831510543823242
43 15 16.966562271118164
43 16 20.46665382385254
43 17 12.953553199768066
43 18 16.17591094970703
43 19 13.410783767700195
43 20 16.72559928894043
43 21 11.886802673339844
43 22 14.931802749633789
43 23 12.877243995666504
44 0 15.156249046325684
44 1 15.55484676361084
44 2 16.984426498413086
44 3 16.502241134643555
44 4 17.00514793395996
44 5 16.086715698242188
44 6 14.626309394836426
44 7 14.134233474731445
44 8 12.956184387207031
44 9 18.76876449584961
44 10 12.171669006347656
44 11 16.483482360839844
44 12 17.463436126708984
44 13 20.93319320678711
44 14 14.444314956665039
44 15 16.20218849182129
44 16 11.57880687713623
44 17 14.089625358581543
44 18 16.171146392822266
44 19 14.753588676452637
44 20 17.381465911865234
44 21 13.001601219177246
44 22 19.93677520751953
44 23 10.02881908416748
45 0 13.573843002319336
45 1 12.664026260375977
45 2 15.373327255249023
45 3 14.947425842285156
45 4 13.272698402404785
45 5 13.494317054748535
45 6 13.097089767456055
45 7 16.511497497558594
45 8 18.0416316986084
45 9 11.572454452514648
45 10 13.345908164978027
45 11 14.259819984436035
45 12 17.832887649536133
45 13 13.383194923400879
45 14 15.547014236450195
45 15 15.176170349121094
45 16 15.150224685668945
45 17 19.37018394470215
45 18 14.169453620910645
45 19 18.389055252075195
45 20 23.331289291381836
45 21 14.675829887390137
45 22 19.986738204956055
45 23 10.843700408935547
46 0 20.81987190246582
46 1 12.124616622924805
46 2 11.585317611694336
46 3 12.782439231872559
46 4 13.24395751953125
46 5 21.21982192993164
46 6 11.676156997680664
46 7 19.445859909057617
46 8 17.258085250854492
46 9 18.542457580566406
46 10 12.34316635131836
46 11 19.59321403503418
46 12 18.483463287353516
46 13 16.220300674438477
46 14 14.127242088317871
46 15 15.14269733428955
46 16 16.95380973815918
46 17 11.955146789550781
46 18 14.37869644165039
46 19 18.12940788269043
46 20 10.87597370147705
46 21 18.551700592041016
46 22 16.407136917114258
46 23 7.481180191040039
47 0 10.82075309753418
47 1 20.280420303344727
47 2 15.687870979309082
47 3 18.38148307800293
47 4 12.491005897521973
47 5 15.583562850952148
47 6 10.012151718139648
47 7 11.71075439453125
47 8 19.271150588989258
47 9 13.126455307006836
47 10 16.522863388061523
47 11 19.882795333862305
47 12 10.247689247131348
47 13 19.142044067382812
47 14 14.202592849731445
47 15 17.98200225830078
47 16 11.33861255645752
47 17 12.561294555664062
47 18 18.62603187561035
47 19 13.052042007446289
47 20 20.251176834106445
47 21 21.118553161621094
47 22 15.462724685668945
47 23 9.431180000305176
48 0 19.423364639282227
48 1 14.828776359558105
48 2 15.857742309570312
48 3 16.731658935546875
48 4 13.647465705871582
48 5 19.428152084350586
48 6 15.542574882507324
48 7 16.18177032470703
48 8 15.569473266601562
48 9 10.592317581176758
48 10 18.875991821289062
48 11 14.184754371643066
48 12 14.263049125671387
48 13 14.85723876953125
48 14 14.83823013305664
48 15 14.683459281921387
48 16 12.806395530700684
48 17 16.318082809448242
48 18 12.211851119995117
48 19 13.776861190795898
48 20 20.02118492126465
48 21 13.40159797668457
48 22 14.721747398376465
48 23 12.274075508117676
49 0 19.051538467407227
49 1 19.499170303344727
49 2 12.779083251953125
49 3 17.357839584350586
49 4 16.936614990234375
49 5 15.107033729553223
49 6 12.440092086791992
49 7 14.200011253356934
49 8 12.78618049621582
49 9 17.79019546508789
49 10 15.033366203308105
49 11 13.06753921508789
49 12 11.582168579101562
49 13 15.012434005737305
49 14 9.906810760498047
49 15 18.29944610595703
49 16 15.797403335571289
49 17 19.347021102905273
49 18 14.885931015014648
49 19 14.696455001831055
49 20 15.281864166259766
49 21 15.539855003356934
49 22 15.662300109863281
49 23 12.917781829833984
50 0 12.739134788513184
50 1 15.268877029418945
50 2 18.537803649902344
50 3 14.037609100341797
50 4 20.232709884643555
50 5 17.18239974975586
50 6 11.868236541748047
50 7 11.894587516784668
50 8 13.861869812011719
50 9 14.759476661682129
50 10 14.600934028625488
50 11 16.921619415283203
50 12 14.073373794555664
50 13 12.514939308166504
50 14 15.460752487182617
50 15 16.109878540039062
50 16 18.424331665039062
50 17 14.139422416687012
50 18 18.373720169067383
50 19 14.46092700958252
50 20 17.409828186035156
50 21 13.246973991394043
50 22 13.814655303955078
50 23 12.279125213623047
51 0 14.18581771850586
51 1 14.64034652709961
51 2 17.108985900878906
51 3 13.311014175415039
51 4 15.408400535583496
51 5 15.280250549316406
51 6 13.345894813537598
51 7 19.67411994934082
51 8 19.2453670501709
51 9 16.757387161254883
51 10 14.991809844970703
51 11 17.85463523864746
51 12 14.100971221923828
51 13 17.883636474609375
51 14 9.418838500976562
51 15 17.31340217590332
51 16 15.59379768371582
51 17 15.670918464660645
51 18 16.76058006286621
51 19 15.366735458374023
51 20 15.230287551879883
51 21 13.82352066040039
51 22 15.13191032409668
51 23 5.695037364959717
52 0 11.964869499206543
52 1 12.343879699707031
52 2 16.66504669189453
52 3 16.26210594177246
52 4 13.737120628356934
52 5 12.828454971313477
52 6 16.297168731689453
52 7 18.065141677856445
52 8 15.298649787902832
52 9 19.022815704345703
52 10 16.60651206970215
52 11 13.906251907348633
52 12 17.64867401123047
52 13 13.047920227050781
52 14 11.196319580078125
52 15 19.034025192260742
52 16 16.971996307373047
52 17 20.654739379882812
52 18 16.12015724182129
52 19 12.000051498413086
52 20 15.124139785766602
52 21 12.20124626159668
52 22 15.708316802978516
52 23 11.231639862060547
53 0 13.822725296020508
53 1 13.280916213989258
53 2 14.924636840820312
53 3 20.65422821044922
53 4 15.955682754516602
53 5 16.67964744567871
53 6 16.34128761291504
53 7 14.898849487304688
53 8 15.028036117553711
53 9 15.337797164916992
53 10 21.88964080810547
53 11 17.202733993530273
53 12 14.92332649230957
53 13 13.994603157043457
53 14 15.69554615020752
53 15 14.475043296813965
53 16 15.267986297607422
53 17 11.906050682067871
53 18 11.35419750213623
53 19 13.749820709228516
53 20 12.143472671508789
53 21 13.970080375671387
53 22 17.29044532775879
53 23 10.466629981994629
54 0 21.12224578857422
54 1 9.486318588256836
54 2 12.846407890319824
54 3 16.668899536132812
54 4 16.286998748779297
54 5 16.465431213378906
54 6 13.03813362121582
54 7 18.448928833007812
54 8 15.625362396240234
54 9 17.19634246826172
54 10 14.538949966430664
54 11 15.901206970214844
54 12 15.615554809570312
54 13 17.924386978149414
54 14 10.032881736755371
54 15 12.709264755249023
54 16 13.5872802734375
54 17 19.306692123413086
54 18 12.462611198425293
54 19 15.328252792358398
54 20 15.85645580291748
54 21 15.098713874816895
54 22 11.704565048217773
54 23 12.147411346435547
55 0 16.0113525390625
55 1 15.387070655822754
55 2 16.1877498626709
55 3 13.810169219970703
55 4 16.024459838867188
55 5 14.378447532653809
55 6 15.191563606262207
55 7 13.065899848937988
55 8 14.531245231628418
55 9 15.457620620727539
55 10 14.602273941040039
55 11 17.281085968017578
55 12 14.924362182617188
55 13 15.95161247253418
55 14 13.375870704650879
55 15 17.52035903930664
55 16 13.699186325073242
55 17 13.579402923583984
55 18 12.94951057434082
55 19 13.61280345916748
55 20 20.022008895874023
55 21 18.428834915161133
55 22 12.518288612365723
55 23 10.741901397705078
56 0 15.290294647216797
56 1 14.605278015136719
56 2 14.932558059692383
56 3 16.261302947998047
56 4 16.044130325317383
56 5 19.172529220581055
56 6 11.243851661682129
56 7 17.387115478515625
56 8 12.623627662658691
56 9 16.448720932006836
56 10 10.636253356933594
56 11 17.260162353515625
56 12 12.485956192016602
56 13 10.221457481384277
56 14 11.847227096557617
56 15 13.108931541442871
56 16 15.40259075164795
56 17 14.900614738464355
56 18 20.218509674072266
56 19 17.4044132232666
56 20 20.06726837158203
56 21 20.566728591918945
56 22 13.243379592895508
56 23 10.315500259399414
57 0 11.650322914123535
57 1 14.273569107055664
57 2 14.306061744689941
57 3 15.869861602783203
57 4 18.35774803161621
57 5 14.387588500976562
57 6 17.335514068603516
57 7 11.937867164611816
57 8 13.922557830810547
57 9 10.880041122436523
57 10 13.601334571838379
57 11 16.581281661987305
57 12 13.2769193649292
57 13 18.849456787109375
57 14 13.588353157043457
57 15 13.183440208435059
57 16 25.769744873046875
57 17 14.728039741516113
57 18 16.780637741088867
57 19 18.81951141357422
57 20 12.28502082824707
57 21 13.982962608337402
57 22 16.330860137939453
57 23 11.4139986038208
58 0 11.756353378295898
58 1 16.34150505065918
58 2 12.3118257522583
58 3 15.104881286621094
58 4 17.96569061279297
58 5 11.351954460144043
58 6 12.515350341796875
58 7 12.105544090270996
58 8 14.77403450012207
58 9 14.609291076660156
58 10 15.501368522644043
58 11 15.905757904052734
58 12 18.70973014831543
58 13 15.537166595458984
58 14 12.773397445678711
58 15 15.276321411132812
58 16 16.434600830078125
58 17 14.380339622497559
58 18 14.981062889099121
58 19 22.694774627685547
58 20 21.43073844909668
58 21 13.9479398727417
58 22 17.851499557495117
58 23 7.383941173553467
59 0 8.796669006347656
59 1 11.584644317626953
59 2 18.262088775634766
59 3 22.197784423828125
59 4 14.21817684173584
59 5 14.547788619995117
59 6 12.994952201843262
59 7 18.627140045166016
59 8 9.409330368041992
59 9 12.96519660949707
59 10 15.730548858642578
59 11 14.919559478759766
59 12 13.9402437210083
59 13 17.033506393432617
59 14 16.25197982788086
59 15 15.823943138122559
59 16 17.302045822143555
59 17 25.184316635131836
59 18 14.27338981628418
59 19 9.855483055114746
59 20 14.488471984863281
59 21 15.513947486877441
59 22 14.361883163452148
59 23 9.957725524902344
60 0 20.043546676635742
60 1 17.15081787109375
60 2 17.48385238647461
60 3 17.809722900390625
60 4 14.521787643432617
60 5 15.090692520141602
60 6 12.220426559448242
60 7 16.452035903930664
60 8 12.471942901611328
60 9 25.867517471313477
60 10 13.72278881072998
60 11 9.744948387145996
60 12 14.165119171142578
60 13 16.640514373779297
60 14 15.881975173950195
60 15 11.482107162475586
60 16 18.76328468322754
60 17 10.899219512939453
60 18 16.966766357421875
60 19 9.05126667022705
60 20 16.605384826660156
60 21 13.21685791015625
60 22 15.502584457397461
60 23 10.592761039733887
61 0 13.654219627380371
61 1 16.882732391357422
61 2 17.166439056396484
61 3 16.28113555908203
61 4 20.159637451171875
61 5 23.391815185546875
61 6 14.54428768157959
61 7 9.687555313110352
61 8 16.430694580078125
61 9 11.945772171020508
61 10 13.776832580566406
61 11 10.740687370300293
61 12 12.663456916809082
61 13 16.699464797973633
61 14 12.96721076965332
61 15 16.23300552368164
61 16 9.131963729858398
61 17 16.17623519897461
61 18 19.578676223754883
61 19 15.830239295959473
61 20 8.151510238647461
61 21 23.78260612487793
61 22 15.692866325378418
61 23 9.526395797729492
62 0 14.562408447265625
62 1 13.188980102539062
62 2 19.084083557128906
62 3 17.1476993560791
62 4 18.77491569519043
62 5 17.497291564941406
62 6 16.35698890686035
62 7 15.977859497070312
62 8 18.201154708862305
62 9 14.251874923706055
62 10 12.56484317779541
62 11 19.747833251953125
62 12 15.304424285888672
62 13 15.93758773803711
62 14 14.668976783752441
62 15 20.048702239990234
62 16 14.259302139282227
62 17 11.884297370910645
62 18 11.73819351196289
62 19 6.753410816192627
62 20 16.378049850463867
62 21 9.478723526000977
62 22 12.311135292053223
62 23 11.410394668579102
63 0 14.204216003417969
63 1 21.060697555541992
63 2 14.025449752807617
63 3 19.018096923828125
63 4 17.42290687561035
63 5 16.925567626953125
63 6 16.70222282409668
63 7 17.756969451904297
63 8 15.717348098754883
63 9 11.215219497680664
63 10 16.411075592041016
63 11 12.022480010986328
63 12 15.353291511535645
63 13 12.111529350280762
63 14 17.504404067993164
63 15 11.513223648071289
63 16 16.093425750732422
63 17 14.800871849060059
63 18 15.413520812988281
63 19 11.949546813964844
63 20 14.03040885925293
63 21 10.826180458068848
63 22 15.599176406860352
63 23 10.34014892578125
64 0 12.174500465393066
64 1 10.130064964294434
64 2 15.85340404510498
64 3 17.11931800842285
64 4 16.026554107666016
64 5 16.184961318969727
64 6 14.46808910369873
64 7 18.066802978515625
64 8 11.529202461242676
64 9 14.414423942565918
64 10 14.632344245910645
64 11 22.613994598388672
64 12 19.983352661132812
64 13 15.432853698730469
64 14 13.043327331542969
64 15 16.79947280883789
64 16 11.898117065429688
64 17 11.95644760131836
64 18 14.668916702270508
64 19 12.399065017700195
64 20 16.543731689453125
64 21 11.251415252685547
64 22 17.027664184570312
64 23 13.156476974487305
65 0 13.62743854522705
65 1 10.881892204284668
65 2 14.131550788879395
65 3 20.346330642700195
65 4 12.053690910339355
65 5 17.561986923217773
65 6 14.499865531921387
65 7 14.930675506591797
65 8 12.71094036102295
65 9 21.496063232421875
65 10 15.887371063232422
65 11 10.770147323608398
65 12 14.996522903442383
65 13 15.113701820373535
65 14 12.58272647857666
65 15 16.59741973876953
65 16 13.955102920532227
65 17 11.879902839660645
65 18 20.262557983398438
65 19 18.328073501586914
65 20 14.23826789855957
65 21 16.135738372802734
65 22 15.396225929260254
65 23 10.089713096618652
66 0 17.57822036743164
66 1 12.277058601379395
66 2 10.951885223388672
66 3 14.383769989013672
66 4 13.965851783752441
66 5 12.430941581726074
66 6 20.40532684326172
66 7 20.093515396118164
66 8 12.195480346679688
66 9 15.0125150680542
66 10 13.95570182800293
66 11 13.526891708374023
66 12 18.1046199798584
66 13 16.213916778564453
66 14 15.097167015075684
66 15 13.15775203704834
66 16 13.328667640686035
66 17 11.20180892944336
66 18 15.316705703735352
66 19 13.011902809143066
66 20 16.266586303710938
66 21 18.944093704223633
66 22 18.20279312133789
66 23 11.91071605682373
67 0 15.19613265991211
67 1 15.01978874206543
67 2 19.782329559326172
67 3 17.275196075439453
67 4 11.048467636108398
67 5 11.539335250854492
67 6 15.026520729064941
67 7 13.089153289794922
67 8 17.21364974975586
67 9 12.56141185760498
67 10 13.208047866821289
67 11 17.055700302124023
67 12 20.961591720581055
67 13 12.987345695495605
67 14 17.82286834716797
67 15 9.557546615600586
67 16 20.487279891967773
67 17 10.8848876953125
67 18 15.18508243560791
67 19 17.0789737701416
67 20 15.029457092285156
67 21 17.131345748901367
67 22 13.62012767791748
67 23 9.569908142089844
68 0 15.365666389465332
68 1 11.896822929382324
68 2 15.510693550109863
68 3 16.568531036376953
68 4 18.841245651245117
68 5 12.63327693939209
68 6 13.731380462646484
68 7 16.107681274414062
68 8 13.447113990783691
68 9 14.57771110534668
68 10 15.213134765625
68 11 11.238004684448242
68 12 20.09754180908203
68 13 13.810224533081055
68 14 16.26180076599121
68 15 13.585271835327148
68 16 13.317523002624512
68 17 14.163400650024414
68 18 18.286962509155273
68 19 14.23030948638916
68 20 10.95289421081543
68 21 18.489126205444336
68 22 11.303309440612793
68 23 17.771827697753906
69 0 11.870407104492188
69 1 14.59920883178711
69 2 16.851831436157227
69 3 19.090744018554688
69 4 12.7364501953125
69 5 15.644728660583496
69 6 14.859399795532227
69 7 10.499557495117188
69 8 14.390734672546387
69 9 11.503216743469238
69 10 18.79037857055664
69 11 15.572124481201172
69 12 16.402729034423828
69 13 17.945358276367188
69 14 20.285470962524414
69 15 17.842716217041016
69 16 15.190433502197266
69 17 12.45849609375
69 18 17.87790870666504
69 19 11.744352340698242
69 20 13.548858642578125
69 21 10.234635353088379
69 22 16.67373275756836
69 23 11.735546112060547
70 0 14.215697288513184
70 1 14.043440818786621
70 2 16.639631271362305
70 3 16.467491149902344
70 4 12.254716873168945
70 5 12.359123229980469
70 6 13.303754806518555
70 7 14.39746379852295
70 8 14.861799240112305
70 9 15.510092735290527
70 10 13.033855438232422
70 11 16.795793533325195
70 12 15.161396026611328
70 13 19.515705108642578
70 14 18.490875244140625
70 15 15.770467758178711
70 16 15.80644416809082
70 17 17.303909301757812
70 18 8.641000747680664
70 19 16.490007400512695
70 20 17.611263275146484
70 21 15.81210708618164
70 22 11.19382095336914
70 23 10.66864013671875
71 0 16.728506088256836
71 1 15.209425926208496
71 2 13.497098922729492
71 3 15.53515625
71 4 17.470430374145508
71 5 12.701014518737793
71 6 13.485038757324219
71 7 17.574329376220703
71 8 13.497397422790527
71 9 16.15483283996582
71 10 13.288612365722656
71 11 14.477779388427734
71 12 16.25220489501953
71 13 17.266735076904297
71 14 12.264444351196289
71 15 15.893895149230957
71 16 14.495244979858398
71 17 16.399944305419922
71 18 12.48042106628418
71 19 18.220577239990234
71 20 15.101286888122559
71 21 19.866090774536133
71 22 11.292139053344727
71 23 8.315062522888184
72 0 11.763665199279785
72 1 12.731108665466309
72 2 21.29926109313965
72 3 18.311878204345703
72 4 14.160096168518066
72 5 18.1916561126709
72 6 15.911382675170898
72 7 16.804540634155273
72 8 13.596572875976562
72 9 13.768589973449707
72 10 12.81867504119873
72 11 17.290565490722656
72 12 12.077628135681152
72 13 16.656312942504883
72 14 15.832520484924316
72 15 18.527488708496094
72 16 14.954666137695312
72 17 13.032027244567871
72 18 11.588459968566895
72 19 16.58898162841797
72 20 14.147171974182129
72 21 10.159406661987305
72 22 12.958590507507324
72 23 13.380943298339844
73 0 19.084613800048828
73 1 19.19329261779785
73 2 13.884801864624023
73 3 10.056666374206543
73 4 17.865320205688477
73 5 14.211945533752441
73 6 12.59904670715332
73 7 13.5891695022583
73 8 19.524673461914062
73 9 15.986178398132324
73 10 14.851115226745605
73 11 12.612318992614746
73 12 18.345232009887695
73 13 12.502541542053223
73 14 14.739944458007812
73 15 15.917984008789062
73 16 17.14222526550293
73 17 19.92868423461914
73 18 14.250141143798828
73 19 9.532955169677734
73 20 16.2895450592041
73 21 14.507508277893066
73 22 16.961992263793945
73 23 3.8858001232147217
74 0 15.754521369934082
74 1 12.943814277648926
74 2 18.48323631286621
74 3 11.876651763916016
74 4 15.767837524414062
74 5 14.256580352783203
74 6 7.909668445587158
74 7 8.876914978027344
74 8 17.404830932617188
74 9 15.174236297607422
74 10 16.26850128173828
74 11 19.80620574951172
74 12 18.962772369384766
74 13 17.192533493041992
74 14 16.747426986694336
74 15 16.69469451904297
74 16 12.843582153320312
74 17 18.014921188354492
74 18 12.449014663696289
74 19 14.378664016723633
74 20 16.289464950561523
74 21 18.76554298400879
74 22 11.032891273498535
74 23 10.182055473327637
75 0 15.788095474243164
75 1 15.515228271484375
75 2 18.307310104370117
75 3 15.660982131958008
75 4 19.52293586730957
75 5 13.618839263916016
75 6 12.346267700195312
75 7 13.31893539428711
75 8 16.375381469726562
75 9 13.044450759887695
75 10 12.432652473449707
75 11 14.268631935119629
75 12 19.95596694946289
75 13 13.940271377563477
75 14 12.169227600097656
75 15 16.806798934936523
75 16 14.010416030883789
75 17 13.924386024475098
75 18 15.603631973266602
75 19 11.486141204833984
75 20 14.198029518127441
75 21 16.007619857788086
75 22 12.272619247436523
75 23 14.998502731323242
76 0 13.452987670898438
76 1 13.065353393554688
76 2 16.555774688720703
76 3 18.483657836914062
76 4 15.427810668945312
76 5 15.05291748046875
76 6 11.823431968688965
76 7 14.132755279541016
76 8 15.653474807739258
76 9 13.877717018127441
76 10 16.733034133911133
76 11 14.543548583984375
76 12 13.468473434448242
76 13 14.315788269042969
76 14 18.16515350341797
76 15 14.999031066894531
76 16 12.631844520568848
76 17 16.802417755126953
76 18 12.958338737487793
76 19 16.8140926361084
76 20 16.729835510253906
76 21 13.96146011352539
76 22 18.545818328857422
76 23 7.653080463409424
77 0 13.375473976135254
77 1 14.48499584197998
77 2 13.584315299987793
77 3 12.892646789550781
77 4 15.145474433898926
77 5 15.186572074890137
77 6 15.767616271972656
77 7 16.925222396850586
77 8 11.086565017700195
77 9 13.241116523742676
77 10 17.56254768371582
77 11 15.146400451660156
77 12 14.471611022949219
77 13 19.10810661315918
77 14 14.019495010375977
77 15 16.411182403564453
77 16 13.842398643493652
77 17 12.778227806091309
77 18 22.497161865234375
77 19 17.74820327758789
77 20 13.452690124511719
77 21 13.367481231689453
77 22 12.647260665893555
77 23 11.392553329467773
78 0 18.246824264526367
78 1 18.93233871459961
78 2 12.909311294555664
78 3 15.056632995605469
78 4 15.795624732971191
78 5 12.70512580871582
78 6 13.113372802734375
78 7 22.48938751220703
78 8 16.020366668701172
78 9 13.149415016174316
78 10 13.985086441040039
78 11 16.69715690612793
78 12 14.280248641967773
78 13 16.700828552246094
78 14 15.84749984741211
78 15 15.457181930541992
78 16 13.149175643920898
78 17 17.010774612426758
78 18 11.07347297668457
78 19 15.185677528381348
78 20 13.872406959533691
78 21 9.249606132507324
78 22 12.77621078491211
78 23 10.564610481262207
79 0 17.729446411132812
79 1 16.229557037353516
79 2 11.906867027282715
79 3 16.93722915649414
79 4 16.361347198486328
79 5 16.36985969543457
79 6 10.163273811340332
79 7 15.487893104553223
79 8 16.119701385498047
79 9 16.540084838867188
79 10 11.03782844543457
79 11 12.641427040100098
79 12 13.459378242492676
79 13 16.485755920410156
79 14 16.9190673828125
79 15 13.33176326751709
79 16 18.990909576416016
79 17 16.389060974121094
79 18 13.788007736206055
79 19 13.13215446472168
79 20 15.65676212310791
79 21 19.667579650878906
79 22 12.624882698059082
79 23 10.281079292297363
80 0 13.50748062133789
80 1 14.533561706542969
80 2 19.64798355102539
80 3 15.315703392028809
80 4 12.338763236999512
80 5 13.675639152526855
80 6 16.466901779174805
80 7 13.921142578125
80 8 12.735074996948242
80 9 17.465641021728516
80 10 19.199525833129883
80 11 16.264551162719727
80 12 15.938002586364746
80 13 13.754158973693848
80 14 15.068449020385742
80 15 15.804981231689453
80 16 12.74015998840332
80 17 11.577489852905273
80 18 14.120257377624512
80 19 16.690868377685547
80 20 17.6678466796875
80 21 15.039422988891602
80 22 7.929883003234863
80 23 14.518119812011719
81 0 15.124079704284668
81 1 12.626108169555664
81 2 16.054845809936523
81 3 17.550445556640625
81 4 18.153942108154297
81 5 12.27734088897705
81 6 21.886396408081055
81 7 12.912372589111328
81 8 9.20681381225586
81 9 14.286499977111816
81 10 9.218497276306152
81 11 17.018529891967773
81 12 15.099225044250488
81 13 15.202715873718262
81 14 11.07166576385498
81 15 11.958849906921387
81 16 14.169676780700684
81 17 20.651195526123047
81 18 13.05139446258545
81 19 15.534789085388184
81 20 10.881807327270508
81 21 21.15941047668457
81 22 17.002492904663086
81 23 13.894192695617676
82 0 15.833601951599121
82 1 11.4789400100708
82 2 10.622093200683594
82 3 13.931646347045898
82 4 14.932633399963379
82 5 14.997325897216797
82 6 16.629976272583008
82 7 12.21100902557373
82 8 24.255290985107422
82 9 13.185060501098633
82 10 11.95259952545166
82 11 13.740596771240234
82 12 15.122533798217773
82 13 17.455076217651367
82 14 13.753548622131348
82 15 17.860572814941406
82 16 9.792020797729492
82 17 16.918319702148438
82 18 10.696701049804688
82 19 15.464405059814453
82 20 17.440933227539062
82 21 13.941117286682129
82 22 20.229890823364258
82 23 13.9879732131958
83 0 12.27354621887207
83 1 15.632244110107422
83 2 14.235448837280273
83 3 12.882953643798828
83 4 12.95312213897705
83 5 19.842056274414062
83 6 16.64554786682129
83 7 16.03492546081543
83 8 18.443273544311523
83 9 16.011619567871094
83 10 14.556441307067871
83 11 13.618426322937012
83 12 13.024378776550293
83 13 15.020599365234375
83 14 15.801414489746094
83 15 14.72623348236084
83 16 15.852198600769043
83 17 13.276275634765625
83 18 13.615443229675293
83 19 14.21971321105957
83 20 16.632354736328125
83 21 15.293869972229004
83 22 15.448691368103027
83 23 11.070059776306152
84 0 14.302447319030762
84 1 13.525446891784668
84 2 15.105360984802246
84 3 19.4449462890625
84 4 15.239384651184082
84 5 17.56819725036621
84 6 20.958045959472656
84 7 8.452430725097656
84 8 16.019418716430664
84 9 18.097347259521484
84 10 16.42570686340332
84 11 11.482666015625
84 12 14.937836647033691
84 13 17.469688415527344
84 14 15.262717247009277
84 15 10.821401596069336
84 16 18.1458740234375
84 17 13.484603881835938
84 18 17.196861267089844
84 19 9.464048385620117
84 20 18.453401565551758
84 21 10.78457260131836
84 22 14.306612968444824
84 23 9.099959373474121
85 0 15.529435157775879
85 1 14.301955223083496
85 2 15.895994186401367
85 3 9.00048542022705
85 4 12.878007888793945
85 5 16.633310317993164
85 6 16.66803741455078
85 7 19.527013778686523
85 8 15.395160675048828
85 9 11.233232498168945
85 10 15.151346206665039
85 11 15.33579158782959
85 12 14.121858596801758
85 13 14.180387496948242
85 14 21.9346866607666
85 15 16.98242950439453
85 16 16.098485946655273
85 17 18.85922622680664
85 18 13.7166166305542
85 19 10.261266708374023
85 20 17.389739990234375
85 21 19.963634490966797
85 22 9.550058364868164
85 23 8.575927734375
86 0 9.44379997253418
86 1 14.661245346069336
86 2 15.242982864379883
86 3 12.816707611083984
86 4 18.884868621826172
86 5 18.823570251464844
86 6 16.141284942626953
86 7 19.258331298828125
86 8 15.652067184448242
86 9 13.688218116760254
86 10 9.635818481445312
86 11 19.6419677734375
86 12 12.329273223876953
86 13 17.51323127746582
86 14 17.66957664489746
86 15 18.725221633911133
86 16 10.323163032531738
86 17 12.683403015136719
86 18 18.77357292175293
86 19 8.583093643188477
86 20 14.566336631774902
86 21 13.871526718139648
86 22 13.715253829956055
86 23 13.073783874511719
87 0 15.952929496765137
87 1 13.951961517333984
87 2 13.851502418518066
87 3 16.504383087158203
87 4 14.899812698364258
87 5 13.107587814331055
87 6 12.509841918945312
87 7 10.560476303100586
87 8 17.756853103637695
87 9 14.026643753051758
87 10 12.016626358032227
87 11 16.394975662231445
87 12 20.281904220581055
87 13 14.728260040283203
87 14 12.42004108428955
87 15 15.670355796813965
87 16 15.225837707519531
87 17 15.136114120483398
87 18 11.218772888183594
87 19 21.352537155151367
87 20 16.725095748901367
87 21 14.282833099365234
87 22 15.041193008422852
87 23 11.188899993896484
88 0 13.681089401245117
88 1 10.817912101745605
88 2 13.726761817932129
88 3 12.036535263061523
88 4 15.417390823364258
88 5 13.080265998840332
88 6 14.948915481567383
88 7 13.074999809265137
88 8 19.05279541015625
88 9 10.97847843170166
88 10 15.870676040649414
88 11 13.825124740600586
88 12 19.79702377319336
88 13 16.040756225585938
88 14 15.837583541870117
88 15 16.331491470336914
88 16 19.064716339111328
88 17 14.504359245300293
88 18 15.774764060974121
88 19 18.3664608001709
88 20 14.471909523010254
88 21 15.234834671020508
88 22 14.248693466186523
88 23 10.46907901763916
89 0 13.768070220947266
89 1 11.644882202148438
89 2 11.056734085083008
89 3 11.936056137084961
89 4 18.470277786254883
89 5 9.285482406616211
89 6 28.525062561035156
89 7 13.828097343444824
89 8 12.477431297302246
89 9 15.417450904846191
89 10 19.755653381347656
89 11 17.001893997192383
89 12 14.399434089660645
89 13 11.919679641723633
89 14 17.244985580444336
89 15 11.91028118133545
89 16 12.143031120300293
89 17 17.6143741607666
89 18 16.431459426879883
89 19 14.137799263000488
89 20 17.761842727661133
89 21 12.95524787902832
89 22 16.672090530395508
89 23 8.504169464111328
90 0 15.855164527893066
90 1 16.405935287475586
90 2 10.424751281738281
90 3 14.649495124816895
90 4 15.918729782104492
90 5 13.182984352111816
90 6 12.144829750061035
90 7 12.02802562713623
90 8 14.893228530883789
90 9 8.311319351196289
90 10 19.280029296875
90 11 15.558829307556152
90 12 20.90813636779785
90 13 14.905616760253906
90 14 14.61999797821045
90 15 12.07496166229248
90 16 16.237295150756836
90 17 11.733607292175293
90 18 20.302587509155273
90 19 21.14597511291504
90 20 14.513980865478516
90 21 15.317657470703125
90 22 14.64189338684082
90 23 8.953497886657715
91 0 14.808974266052246
91 1 11.931108474731445
91 2 18.67238426208496
91 3 12.670005798339844
91 4 15.621030807495117
91 5 17.899099349975586
91 6 15.523031234741211
91 7 11.099200248718262
91 8 16.459463119506836
91 9 15.809173583984375
91 10 17.31192970275879
91 11 20.22899055480957
91 12 11.91982650756836
91 13 11.052764892578125
91 14 14.762809753417969
91 15 15.858447074890137
91 16 16.57771873474121
91 17 11.421566009521484
91 18 17.548952102661133
91 19 15.390420913696289
91 20 13.088683128356934
91 21 15.086002349853516
91 22 16.45696449279785
91 23 8.776936531066895
92 0 15.091656684875488
92 1 19.989994049072266
92 2 18.901254653930664
92 3 18.90245246887207
92 4 15.294624328613281
92 5 12.832984924316406
92 6 16.5550537109375
92 7 21.716556549072266
92 8 11.371403694152832
92 9 17.297176361083984
92 10 12.832242012023926
92 11 13.284344673156738
92 12 15.821409225463867
92 13 18.02017593383789
92 14 15.882489204406738
92 15 20.929519653320312
92 16 11.967874526977539
92 17 14.453786849975586
92 18 14.112071990966797
92 19 8.902868270874023
92 20 12.482561111450195
92 21 13.617857933044434
92 22 9.70019245147705
92 23 6.396939754486084
93 0 14.410691261291504
93 1 18.949491500854492
93 2 12.379961967468262
93 3 13.85208511352539
93 4 14.27250862121582
93 5 12.955721855163574
93 6 15.825408935546875
93 7 16.418264389038086
93 8 10.429081916809082
93 9 18.476106643676758
93 10 15.33336067199707
93 11 15.342649459838867
93 12 19.968624114990234
93 13 19.640357971191406
93 14 13.821263313293457
93 15 11.242206573486328
93 16 13.489290237426758
93 17 14.966134071350098
93 18 16.459083557128906
93 19 12.322545051574707
93 20 14.43261432647705
93 21 17.121597290039062
93 22 15.998090744018555
93 23 8.577643394470215
94 0 17.219501495361328
94 1 16.566904067993164
94 2 14.028481483459473
94 3 15.538851737976074
94 4 15.041586875915527
94 5 16.43174934387207
94 6 12.771286010742188
94 7 18.37484359741211
94 8 17.404632568359375
94 9 16.005693435668945
94 10 14.854000091552734
94 11 14.774734497070312
94 12 17.252973556518555
94 13 15.389934539794922
94 14 17.160913467407227
94 15 12.03892707824707
94 16 14.907905578613281
94 17 14.531076431274414
94 18 12.222119331359863
94 19 15.686599731445312
94 20 15.512319564819336
94 21 11.1485013961792
94 22 9.699131965637207
94 23 9.908012390136719
95 0 11.314423561096191
95 1 20.54543113708496
95 2 13.97982120513916
95 3 13.13422679901123
95 4 16.745983123779297
95 5 13.556846618652344
95 6 16.049503326416016
95 7 15.196759223937988
95 8 18.760608673095703
95 9 16.054269790649414
95 10 16.356555938720703
95 11 13.315973281860352
95 12 10.915594100952148
95 13 13.732587814331055
95 14 15.560433387756348
95 15 12.231451034545898
95 16 15.564114570617676
95 17 18.498144149780273
95 18 12.552129745483398
95 19 12.1814603805542
95 20 9.94089126586914
95 21 14.319561958312988
95 22 22.753435134887695
95 23 13.195976257324219
96 0 12.994868278503418
96 1 15.218032836914062
96 2 18.47150421142578
96 3 13.85561752319336
96 4 16.549367904663086
96 5 14.606443405151367
96 6 12.314570426940918
96 7 14.657966613769531
96 8 16.870529174804688
96 9 15.876249313354492
96 10 14.744882583618164
96 11 14.73825740814209
96 12 17.412887573242188
96 13 17.743026733398438
96 14 16.102783203125
96 15 12.554733276367188
96 16 19.354795455932617
96 17 15.966459274291992
96 18 9.682958602905273
96 19 20.660415649414062
96 20 11.90934944152832
96 21 12.772744178771973
96 22 14.243345260620117
96 23 6.573925971984863
97 0 14.635290145874023
97 1 11.720329284667969
97 2 11.98455810546875
97 3 19.614728927612305
97 4 13.353286743164062
97 5 13.159041404724121
97 6 16.724727630615234
97 7 14.44664192199707
97 8 16.581209182739258
97 9 16.50185775756836
97 10 15.024471282958984
97 11 15.312496185302734
97 12 13.3075532913208
97 13 12.778493881225586
97 14 13.395998001098633
97 15 14.368783950805664
97 16 17.5528564453125
97 17 13.855124473571777
97 18 20.096420288085938
97 19 16.74721336364746
97 20 15.250554084777832
97 21 14.070642471313477
97 22 15.643487930297852
97 23 9.032288551330566
98 0 18.416383743286133
98 1 14.22498893737793
98 2 20.929372787475586
98 3 14.444969177246094
98 4 14.49600601196289
98 5 11.540989875793457
98 6 13.320183753967285
98 7 17.512624740600586
98 8 12.379817962646484
98 9 13.800773620605469
98 10 11.850361824035645
98 11 23.25255012512207
98 12 18.495792388916016
98 13 13.325979232788086
98 14 12.234460830688477
98 15 12.875996589660645
98 16 18.265695571899414
98 17 11.933828353881836
98 18 12.076753616333008
98 19 11.13473892211914
98 20 13.317927360534668
98 21 16.206165313720703
98 22 16.00439453125
98 23 11.499232292175293
99 0 10.919388771057129
99 1 12.614704132080078
99 2 8.700870513916016
99 3 18.76459503173828
99 4 11.94308853149414
99 5 18.045156478881836
99 6 10.597663879394531
99 7 14.075007438659668
99 8 12.350821495056152
99 9 13.847095489501953
99 10 12.893550872802734
99 11 16.3677978515625
99 12 16.09213638305664
99 13 20.278108596801758
99 14 13.245559692382812
99 15 16.189697265625
99 16 13.933416366577148
99 17 17.824926376342773
99 18 19.86293601989746
99 19 12.796278953552246
99 20 17.17439079284668
99 21 13.187783241271973
99 22 19.83240509033203
99 23 11.49418830871582
w= tensor([[ 1.6495e-01, -4.0334e-01, -3.3200e-01,  5.3029e-02,  3.1873e-01,
         -3.1956e-01,  1.8724e-01, -2.1789e-01],
        [ 3.2412e-01,  1.6025e+00, -3.5467e-01,  1.7618e-01,  3.1802e-01,
          1.4646e+00,  8.1383e-01, -2.3748e-03],
        [ 2.5355e-01,  1.6393e-01, -2.9475e-01, -6.7329e-02,  1.1642e-01,
          4.3524e-01, -1.2494e-01,  2.0010e-01],
        [-5.3550e-01, -1.2242e+00, -1.5186e-01, -2.8230e-01,  1.0626e-01,
         -1.0074e+00, -5.0815e-01,  3.8058e-02],
        [ 1.3090e-01, -2.4004e-01, -3.0960e-01, -3.5352e-01,  8.6300e-02,
         -4.7529e-01, -7.6875e-02, -3.2898e-01],
        [-5.7532e-01, -2.8705e+00, -9.5077e-02, -1.4523e-01, -5.2898e-01,
         -1.6870e+00, -9.2973e-01,  1.3968e-01]])
b= tensor([-0.1250,  0.7596,  0.0274, -0.5419, -0.2265, -1.1603])
Files already downloaded and verified
Files already downloaded and verified
